#8
22
4 2  8  7 2 10 1 12
9 3 15 11 5 16 6 19

#10
18
3 2 5  7 5 4 10 8 4 7
8 1 9 16 3 4 10 9 5 1

#50
145
31 17 31 15 19 29 43 31 53 23 15 24 27 18 16 17 25 17 37 27 10 30 15 11 11 16 47 28 18 26 20 132 31 22 25 11 14 13 24 10 22 28 30 62 30 28 15 24 14 16
38 18 39 20 33 43 38 28 46 42 11 38 26 26 32 32 14 10 40 23 14 21 36 50 46 36 35 25 50 12 36 75  50 14 27 23 48 38 41 34 21 25 38 49 12 50 33 42 12 19

#100
289
30 16 12 15 38 29 15 27 16 17 17 15 34 16 33 22 25 38 220 44 27 23 45 29 580 24 26 31 26 33 22 43 23 24 28 29 23 15 17 10 22 190 221 22 15 34 31 20 29 24 20 150 181 100 96 40 38 45 32 62 41 43 20 14 34 28 26 22 19 43 15 44 31 29 25 36 39 18 26 26 12 25 17 26 36 31 44 33 10 43 21 30 20 37 37 38 32 45 38 60
43 23 17 28 29 36 20 28 43 32 38 18 39 25 52 39 42 25 129 37 30 30 46 50 330 49 21 32 53 30 35 34 14 13 43 42 26 54 32 19 35 191 405 57 30 17 24 33 16 47 29 72  32  95  33 21 55 54 27 47 54 22 23 29 39 29 51 19 42 30 40 19 30 26 14 41 44 37 15 19 23 32 16 33 49 58 57 54 53 22 32 45 55 16 30 31 29 20 33 66



/*
Alexandru Pescaru 
comments: set of 8, 10, 50 and 100 for the KSP dataset
data is represented as:
#N
G
g[]
v[]
*/