#50
507
31 17 31 15 2 29 3 31 3 23 15 24 7 8 16 17 25 8 7 27 10 30 5 11 11 16 7 8 18 26 20 2 31 22 25 11 14 13 24 10 2 28 30 2 30 28 15 10 14 6 
38 18 39 20 33 48 38 28 46 42 11 38 26 26 32 32 14 50 40 23 14 21 36 50 46 36 35 25 50 12 36 24 50 14 27 23 48 38 41 44 21 25 38 29 12 50 33 42 12 19 

#100
1547
13 3 35 36 5 42 30 36 49 4 36 16 41 27 40 21 20 5 48 7 10 10 44 40 47 27 37 4 11 22 13 10 30 19 27 46 4 44 38 29 45 7 46 21 48 27 46 35 8 3 9 44 11 7 23 37 17 28 35 7 40 12 27 9 3 1 13 3 2 24 26 43 10 30 42 27 10 31 39 9 29 24 50 1 37 24 33 34 21 20 10 45 5 46 48 37 43 12 1 45 
35 55 17 70 11 76 58 52 21 78 44 32 9 39 26 53 64 47 52 45 42 78 48 22 15 67 41 50 47 44 39 72 50 49 11 28 24 24 76 39 53 41 34 39 50 15 10 63 42 5 49 12 71 51 71 51 47 58 31 53 28 70 37 7 19 59 9 71 68 36 28 43 60 78 6 7 20 21 71 67 73 6 44 35 11 34 67 66 29 70 62 59 75 48 72 51 51 54 19 29 

